8.975979010256552e-02
8.975979010256552e-02
8.975979010256552e-02
8.975979010256552e-02
8.975979010256552e-02
8.975979010256552e-02
8.975979010256552e-02
8.975979010256552e-02
8.975979010256552e-02
8.975979010256552e-02
8.975979010256552e-02
8.975979010256552e-02
8.975979010256552e-02
8.975979010256552e-02
8.975979010256552e-02
8.975979010256552e-02
8.975979010256552e-02
8.975979010256552e-02
8.975979010256552e-02
8.975979010256552e-02
8.975979010256552e-02
8.975979010256552e-02
8.975979010256552e-02
8.975979010256552e-02
8.975979010256552e-02
8.975979010256552e-02
8.975979010256552e-02
8.975979010256552e-02
8.975979010256552e-02
8.975979010256552e-02
8.975979010256552e-02
8.975979010256552e-02
8.975979010256552e-02
8.975979010256552e-02
8.975979010256552e-02
1.795195802051310e-01
1.795195802051310e-01
1.795195802051310e-01
1.795195802051310e-01
1.795195802051310e-01
1.795195802051310e-01
1.795195802051310e-01
1.795195802051310e-01
1.795195802051310e-01
1.795195802051310e-01
1.795195802051310e-01
1.795195802051310e-01
1.795195802051310e-01
1.795195802051310e-01
1.795195802051310e-01
1.795195802051310e-01
1.795195802051310e-01
1.795195802051310e-01
1.795195802051310e-01
1.795195802051310e-01
1.795195802051310e-01
1.795195802051310e-01
1.795195802051310e-01
1.795195802051310e-01
1.795195802051310e-01
1.795195802051310e-01
1.795195802051310e-01
1.795195802051310e-01
1.795195802051310e-01
1.795195802051310e-01
1.795195802051310e-01
1.795195802051310e-01
1.795195802051310e-01
1.795195802051310e-01
1.795195802051310e-01
2.692793703076966e-01
2.692793703076966e-01
2.692793703076966e-01
2.692793703076966e-01
2.692793703076966e-01
2.692793703076966e-01
2.692793703076966e-01
2.692793703076966e-01
2.692793703076966e-01
2.692793703076966e-01
2.692793703076966e-01
2.692793703076966e-01
2.692793703076966e-01
2.692793703076966e-01
2.692793703076966e-01
2.692793703076966e-01
2.692793703076966e-01
2.692793703076966e-01
2.692793703076966e-01
2.692793703076966e-01
2.692793703076966e-01
2.692793703076966e-01
2.692793703076966e-01
2.692793703076966e-01
2.692793703076966e-01
2.692793703076966e-01
2.692793703076966e-01
2.692793703076966e-01
2.692793703076966e-01
2.692793703076966e-01
2.692793703076966e-01
2.692793703076966e-01
2.692793703076966e-01
2.692793703076966e-01
2.692793703076966e-01
3.590391604102621e-01
3.590391604102621e-01
3.590391604102621e-01
3.590391604102621e-01
3.590391604102621e-01
3.590391604102621e-01
3.590391604102621e-01
3.590391604102621e-01
3.590391604102621e-01
3.590391604102621e-01
3.590391604102621e-01
3.590391604102621e-01
3.590391604102621e-01
3.590391604102621e-01
3.590391604102621e-01
3.590391604102621e-01
3.590391604102621e-01
3.590391604102621e-01
3.590391604102621e-01
3.590391604102621e-01
3.590391604102621e-01
3.590391604102621e-01
3.590391604102621e-01
3.590391604102621e-01
3.590391604102621e-01
3.590391604102621e-01
3.590391604102621e-01
3.590391604102621e-01
3.590391604102621e-01
3.590391604102621e-01
3.590391604102621e-01
3.590391604102621e-01
3.590391604102621e-01
3.590391604102621e-01
3.590391604102621e-01
4.487989505128276e-01
4.487989505128276e-01
4.487989505128276e-01
4.487989505128276e-01
4.487989505128276e-01
4.487989505128276e-01
4.487989505128276e-01
4.487989505128276e-01
4.487989505128276e-01
4.487989505128276e-01
4.487989505128276e-01
4.487989505128276e-01
4.487989505128276e-01
4.487989505128276e-01
4.487989505128276e-01
4.487989505128276e-01
4.487989505128276e-01
4.487989505128276e-01
4.487989505128276e-01
4.487989505128276e-01
4.487989505128276e-01
4.487989505128276e-01
4.487989505128276e-01
4.487989505128276e-01
4.487989505128276e-01
4.487989505128276e-01
4.487989505128276e-01
4.487989505128276e-01
4.487989505128276e-01
4.487989505128276e-01
4.487989505128276e-01
4.487989505128276e-01
4.487989505128276e-01
4.487989505128276e-01
4.487989505128276e-01
5.385587406153931e-01
5.385587406153931e-01
5.385587406153931e-01
5.385587406153931e-01
5.385587406153931e-01
5.385587406153931e-01
5.385587406153931e-01
5.385587406153931e-01
5.385587406153931e-01
5.385587406153931e-01
5.385587406153931e-01
5.385587406153931e-01
5.385587406153931e-01
5.385587406153931e-01
5.385587406153931e-01
5.385587406153931e-01
5.385587406153931e-01
5.385587406153931e-01
5.385587406153931e-01
5.385587406153931e-01
5.385587406153931e-01
5.385587406153931e-01
5.385587406153931e-01
5.385587406153931e-01
5.385587406153931e-01
5.385587406153931e-01
5.385587406153931e-01
5.385587406153931e-01
5.385587406153931e-01
5.385587406153931e-01
5.385587406153931e-01
5.385587406153931e-01
5.385587406153931e-01
5.385587406153931e-01
5.385587406153931e-01
6.283185307179586e-01
6.283185307179586e-01
6.283185307179586e-01
6.283185307179586e-01
6.283185307179586e-01
6.283185307179586e-01
6.283185307179586e-01
6.283185307179586e-01
6.283185307179586e-01
6.283185307179586e-01
6.283185307179586e-01
6.283185307179586e-01
6.283185307179586e-01
6.283185307179586e-01
6.283185307179586e-01
6.283185307179586e-01
6.283185307179586e-01
6.283185307179586e-01
6.283185307179586e-01
6.283185307179586e-01
6.283185307179586e-01
6.283185307179586e-01
6.283185307179586e-01
6.283185307179586e-01
6.283185307179586e-01
6.283185307179586e-01
6.283185307179586e-01
6.283185307179586e-01
6.283185307179586e-01
6.283185307179586e-01
6.283185307179586e-01
6.283185307179586e-01
6.283185307179586e-01
6.283185307179586e-01
6.283185307179586e-01
7.180783208205241e-01
7.180783208205241e-01
7.180783208205241e-01
7.180783208205241e-01
7.180783208205241e-01
7.180783208205241e-01
7.180783208205241e-01
7.180783208205241e-01
7.180783208205241e-01
7.180783208205241e-01
7.180783208205241e-01
7.180783208205241e-01
7.180783208205241e-01
7.180783208205241e-01
7.180783208205241e-01
7.180783208205241e-01
7.180783208205241e-01
7.180783208205241e-01
7.180783208205241e-01
7.180783208205241e-01
7.180783208205241e-01
7.180783208205241e-01
7.180783208205241e-01
7.180783208205241e-01
7.180783208205241e-01
7.180783208205241e-01
7.180783208205241e-01
7.180783208205241e-01
7.180783208205241e-01
7.180783208205241e-01
7.180783208205241e-01
7.180783208205241e-01
7.180783208205241e-01
7.180783208205241e-01
7.180783208205241e-01
8.078381109230897e-01
8.078381109230897e-01
8.078381109230897e-01
8.078381109230897e-01
8.078381109230897e-01
8.078381109230897e-01
8.078381109230897e-01
8.078381109230897e-01
8.078381109230897e-01
8.078381109230897e-01
8.078381109230897e-01
8.078381109230897e-01
8.078381109230897e-01
8.078381109230897e-01
8.078381109230897e-01
8.078381109230897e-01
8.078381109230897e-01
8.078381109230897e-01
8.078381109230897e-01
8.078381109230897e-01
8.078381109230897e-01
8.078381109230897e-01
8.078381109230897e-01
8.078381109230897e-01
8.078381109230897e-01
8.078381109230897e-01
8.078381109230897e-01
8.078381109230897e-01
8.078381109230897e-01
8.078381109230897e-01
8.078381109230897e-01
8.078381109230897e-01
8.078381109230897e-01
8.078381109230897e-01
8.078381109230897e-01
8.975979010256552e-01
8.975979010256552e-01
8.975979010256552e-01
8.975979010256552e-01
8.975979010256552e-01
8.975979010256552e-01
8.975979010256552e-01
8.975979010256552e-01
8.975979010256552e-01
8.975979010256552e-01
8.975979010256552e-01
8.975979010256552e-01
8.975979010256552e-01
8.975979010256552e-01
8.975979010256552e-01
8.975979010256552e-01
8.975979010256552e-01
8.975979010256552e-01
8.975979010256552e-01
8.975979010256552e-01
8.975979010256552e-01
8.975979010256552e-01
8.975979010256552e-01
8.975979010256552e-01
8.975979010256552e-01
8.975979010256552e-01
8.975979010256552e-01
8.975979010256552e-01
8.975979010256552e-01
8.975979010256552e-01
8.975979010256552e-01
8.975979010256552e-01
8.975979010256552e-01
8.975979010256552e-01
8.975979010256552e-01
9.873576911282206e-01
9.873576911282206e-01
9.873576911282206e-01
9.873576911282206e-01
9.873576911282206e-01
9.873576911282206e-01
9.873576911282206e-01
9.873576911282206e-01
9.873576911282206e-01
9.873576911282206e-01
9.873576911282206e-01
9.873576911282206e-01
9.873576911282206e-01
9.873576911282206e-01
9.873576911282206e-01
9.873576911282206e-01
9.873576911282206e-01
9.873576911282206e-01
9.873576911282206e-01
9.873576911282206e-01
9.873576911282206e-01
9.873576911282206e-01
9.873576911282206e-01
9.873576911282206e-01
9.873576911282206e-01
9.873576911282206e-01
9.873576911282206e-01
9.873576911282206e-01
9.873576911282206e-01
9.873576911282206e-01
9.873576911282206e-01
9.873576911282206e-01
9.873576911282206e-01
9.873576911282206e-01
9.873576911282206e-01
1.077117481230786e+00
1.077117481230786e+00
1.077117481230786e+00
1.077117481230786e+00
1.077117481230786e+00
1.077117481230786e+00
1.077117481230786e+00
1.077117481230786e+00
1.077117481230786e+00
1.077117481230786e+00
1.077117481230786e+00
1.077117481230786e+00
1.077117481230786e+00
1.077117481230786e+00
1.077117481230786e+00
1.077117481230786e+00
1.077117481230786e+00
1.077117481230786e+00
1.077117481230786e+00
1.077117481230786e+00
1.077117481230786e+00
1.077117481230786e+00
1.077117481230786e+00
1.077117481230786e+00
1.077117481230786e+00
1.077117481230786e+00
1.077117481230786e+00
1.077117481230786e+00
1.077117481230786e+00
1.077117481230786e+00
1.077117481230786e+00
1.077117481230786e+00
1.077117481230786e+00
1.077117481230786e+00
1.077117481230786e+00
1.166877271333352e+00
1.166877271333352e+00
1.166877271333352e+00
1.166877271333352e+00
1.166877271333352e+00
1.166877271333352e+00
1.166877271333352e+00
1.166877271333352e+00
1.166877271333352e+00
1.166877271333352e+00
1.166877271333352e+00
1.166877271333352e+00
1.166877271333352e+00
1.166877271333352e+00
1.166877271333352e+00
1.166877271333352e+00
1.166877271333352e+00
1.166877271333352e+00
1.166877271333352e+00
1.166877271333352e+00
1.166877271333352e+00
1.166877271333352e+00
1.166877271333352e+00
1.166877271333352e+00
1.166877271333352e+00
1.166877271333352e+00
1.166877271333352e+00
1.166877271333352e+00
1.166877271333352e+00
1.166877271333352e+00
1.166877271333352e+00
1.166877271333352e+00
1.166877271333352e+00
1.166877271333352e+00
1.166877271333352e+00
1.256637061435917e+00
1.256637061435917e+00
1.256637061435917e+00
1.256637061435917e+00
1.256637061435917e+00
1.256637061435917e+00
1.256637061435917e+00
1.256637061435917e+00
1.256637061435917e+00
1.256637061435917e+00
1.256637061435917e+00
1.256637061435917e+00
1.256637061435917e+00
1.256637061435917e+00
1.256637061435917e+00
1.256637061435917e+00
1.256637061435917e+00
1.256637061435917e+00
1.256637061435917e+00
1.256637061435917e+00
1.256637061435917e+00
1.256637061435917e+00
1.256637061435917e+00
1.256637061435917e+00
1.256637061435917e+00
1.256637061435917e+00
1.256637061435917e+00
1.256637061435917e+00
1.256637061435917e+00
1.256637061435917e+00
1.256637061435917e+00
1.256637061435917e+00
1.256637061435917e+00
1.256637061435917e+00
1.256637061435917e+00
1.346396851538483e+00
1.346396851538483e+00
1.346396851538483e+00
1.346396851538483e+00
1.346396851538483e+00
1.346396851538483e+00
1.346396851538483e+00
1.346396851538483e+00
1.346396851538483e+00
1.346396851538483e+00
1.346396851538483e+00
1.346396851538483e+00
1.346396851538483e+00
1.346396851538483e+00
1.346396851538483e+00
1.346396851538483e+00
1.346396851538483e+00
1.346396851538483e+00
1.346396851538483e+00
1.346396851538483e+00
1.346396851538483e+00
1.346396851538483e+00
1.346396851538483e+00
1.346396851538483e+00
1.346396851538483e+00
1.346396851538483e+00
1.346396851538483e+00
1.346396851538483e+00
1.346396851538483e+00
1.346396851538483e+00
1.346396851538483e+00
1.346396851538483e+00
1.346396851538483e+00
1.346396851538483e+00
1.346396851538483e+00
1.436156641641048e+00
1.436156641641048e+00
1.436156641641048e+00
1.436156641641048e+00
1.436156641641048e+00
1.436156641641048e+00
1.436156641641048e+00
1.436156641641048e+00
1.436156641641048e+00
1.436156641641048e+00
1.436156641641048e+00
1.436156641641048e+00
1.436156641641048e+00
1.436156641641048e+00
1.436156641641048e+00
1.436156641641048e+00
1.436156641641048e+00
1.436156641641048e+00
1.436156641641048e+00
1.436156641641048e+00
1.436156641641048e+00
1.436156641641048e+00
1.436156641641048e+00
1.436156641641048e+00
1.436156641641048e+00
1.436156641641048e+00
1.436156641641048e+00
1.436156641641048e+00
1.436156641641048e+00
1.436156641641048e+00
1.436156641641048e+00
1.436156641641048e+00
1.436156641641048e+00
1.436156641641048e+00
1.436156641641048e+00
1.525916431743614e+00
1.525916431743614e+00
1.525916431743614e+00
1.525916431743614e+00
1.525916431743614e+00
1.525916431743614e+00
1.525916431743614e+00
1.525916431743614e+00
1.525916431743614e+00
1.525916431743614e+00
1.525916431743614e+00
1.525916431743614e+00
1.525916431743614e+00
1.525916431743614e+00
1.525916431743614e+00
1.525916431743614e+00
1.525916431743614e+00
1.525916431743614e+00
1.525916431743614e+00
1.525916431743614e+00
1.525916431743614e+00
1.525916431743614e+00
1.525916431743614e+00
1.525916431743614e+00
1.525916431743614e+00
1.525916431743614e+00
1.525916431743614e+00
1.525916431743614e+00
1.525916431743614e+00
1.525916431743614e+00
1.525916431743614e+00
1.525916431743614e+00
1.525916431743614e+00
1.525916431743614e+00
1.525916431743614e+00
1.615676221846179e+00
1.615676221846179e+00
1.615676221846179e+00
1.615676221846179e+00
1.615676221846179e+00
1.615676221846179e+00
1.615676221846179e+00
1.615676221846179e+00
1.615676221846179e+00
1.615676221846179e+00
1.615676221846179e+00
1.615676221846179e+00
1.615676221846179e+00
1.615676221846179e+00
1.615676221846179e+00
1.615676221846179e+00
1.615676221846179e+00
1.615676221846179e+00
1.615676221846179e+00
1.615676221846179e+00
1.615676221846179e+00
1.615676221846179e+00
1.615676221846179e+00
1.615676221846179e+00
1.615676221846179e+00
1.615676221846179e+00
1.615676221846179e+00
1.615676221846179e+00
1.615676221846179e+00
1.615676221846179e+00
1.615676221846179e+00
1.615676221846179e+00
1.615676221846179e+00
1.615676221846179e+00
1.615676221846179e+00
1.705436011948745e+00
1.705436011948745e+00
1.705436011948745e+00
1.705436011948745e+00
1.705436011948745e+00
1.705436011948745e+00
1.705436011948745e+00
1.705436011948745e+00
1.705436011948745e+00
1.705436011948745e+00
1.705436011948745e+00
1.705436011948745e+00
1.705436011948745e+00
1.705436011948745e+00
1.705436011948745e+00
1.705436011948745e+00
1.705436011948745e+00
1.705436011948745e+00
1.705436011948745e+00
1.705436011948745e+00
1.705436011948745e+00
1.705436011948745e+00
1.705436011948745e+00
1.705436011948745e+00
1.705436011948745e+00
1.705436011948745e+00
1.705436011948745e+00
1.705436011948745e+00
1.705436011948745e+00
1.705436011948745e+00
1.705436011948745e+00
1.705436011948745e+00
1.705436011948745e+00
1.705436011948745e+00
1.705436011948745e+00
1.795195802051310e+00
1.795195802051310e+00
1.795195802051310e+00
1.795195802051310e+00
1.795195802051310e+00
1.795195802051310e+00
1.795195802051310e+00
1.795195802051310e+00
1.795195802051310e+00
1.795195802051310e+00
1.795195802051310e+00
1.795195802051310e+00
1.795195802051310e+00
1.795195802051310e+00
1.795195802051310e+00
1.795195802051310e+00
1.795195802051310e+00
1.795195802051310e+00
1.795195802051310e+00
1.795195802051310e+00
1.795195802051310e+00
1.795195802051310e+00
1.795195802051310e+00
1.795195802051310e+00
1.795195802051310e+00
1.795195802051310e+00
1.795195802051310e+00
1.795195802051310e+00
1.795195802051310e+00
1.795195802051310e+00
1.795195802051310e+00
1.795195802051310e+00
1.795195802051310e+00
1.795195802051310e+00
1.795195802051310e+00
1.884955592153876e+00
1.884955592153876e+00
1.884955592153876e+00
1.884955592153876e+00
1.884955592153876e+00
1.884955592153876e+00
1.884955592153876e+00
1.884955592153876e+00
1.884955592153876e+00
1.884955592153876e+00
1.884955592153876e+00
1.884955592153876e+00
1.884955592153876e+00
1.884955592153876e+00
1.884955592153876e+00
1.884955592153876e+00
1.884955592153876e+00
1.884955592153876e+00
1.884955592153876e+00
1.884955592153876e+00
1.884955592153876e+00
1.884955592153876e+00
1.884955592153876e+00
1.884955592153876e+00
1.884955592153876e+00
1.884955592153876e+00
1.884955592153876e+00
1.884955592153876e+00
1.884955592153876e+00
1.884955592153876e+00
1.884955592153876e+00
1.884955592153876e+00
1.884955592153876e+00
1.884955592153876e+00
1.884955592153876e+00
1.974715382256441e+00
1.974715382256441e+00
1.974715382256441e+00
1.974715382256441e+00
1.974715382256441e+00
1.974715382256441e+00
1.974715382256441e+00
1.974715382256441e+00
1.974715382256441e+00
1.974715382256441e+00
1.974715382256441e+00
1.974715382256441e+00
1.974715382256441e+00
1.974715382256441e+00
1.974715382256441e+00
1.974715382256441e+00
1.974715382256441e+00
1.974715382256441e+00
1.974715382256441e+00
1.974715382256441e+00
1.974715382256441e+00
1.974715382256441e+00
1.974715382256441e+00
1.974715382256441e+00
1.974715382256441e+00
1.974715382256441e+00
1.974715382256441e+00
1.974715382256441e+00
1.974715382256441e+00
1.974715382256441e+00
1.974715382256441e+00
1.974715382256441e+00
1.974715382256441e+00
1.974715382256441e+00
1.974715382256441e+00
2.064475172359007e+00
2.064475172359007e+00
2.064475172359007e+00
2.064475172359007e+00
2.064475172359007e+00
2.064475172359007e+00
2.064475172359007e+00
2.064475172359007e+00
2.064475172359007e+00
2.064475172359007e+00
2.064475172359007e+00
2.064475172359007e+00
2.064475172359007e+00
2.064475172359007e+00
2.064475172359007e+00
2.064475172359007e+00
2.064475172359007e+00
2.064475172359007e+00
2.064475172359007e+00
2.064475172359007e+00
2.064475172359007e+00
2.064475172359007e+00
2.064475172359007e+00
2.064475172359007e+00
2.064475172359007e+00
2.064475172359007e+00
2.064475172359007e+00
2.064475172359007e+00
2.064475172359007e+00
2.064475172359007e+00
2.064475172359007e+00
2.064475172359007e+00
2.064475172359007e+00
2.064475172359007e+00
2.064475172359007e+00
2.154234962461572e+00
2.154234962461572e+00
2.154234962461572e+00
2.154234962461572e+00
2.154234962461572e+00
2.154234962461572e+00
2.154234962461572e+00
2.154234962461572e+00
2.154234962461572e+00
2.154234962461572e+00
2.154234962461572e+00
2.154234962461572e+00
2.154234962461572e+00
2.154234962461572e+00
2.154234962461572e+00
2.154234962461572e+00
2.154234962461572e+00
2.154234962461572e+00
2.154234962461572e+00
2.154234962461572e+00
2.154234962461572e+00
2.154234962461572e+00
2.154234962461572e+00
2.154234962461572e+00
2.154234962461572e+00
2.154234962461572e+00
2.154234962461572e+00
2.154234962461572e+00
2.154234962461572e+00
2.154234962461572e+00
2.154234962461572e+00
2.154234962461572e+00
2.154234962461572e+00
2.154234962461572e+00
2.154234962461572e+00
2.243994752564138e+00
2.243994752564138e+00
2.243994752564138e+00
2.243994752564138e+00
2.243994752564138e+00
2.243994752564138e+00
2.243994752564138e+00
2.243994752564138e+00
2.243994752564138e+00
2.243994752564138e+00
2.243994752564138e+00
2.243994752564138e+00
2.243994752564138e+00
2.243994752564138e+00
2.243994752564138e+00
2.243994752564138e+00
2.243994752564138e+00
2.243994752564138e+00
2.243994752564138e+00
2.243994752564138e+00
2.243994752564138e+00
2.243994752564138e+00
2.243994752564138e+00
2.243994752564138e+00
2.243994752564138e+00
2.243994752564138e+00
2.243994752564138e+00
2.243994752564138e+00
2.243994752564138e+00
2.243994752564138e+00
2.243994752564138e+00
2.243994752564138e+00
2.243994752564138e+00
2.243994752564138e+00
2.243994752564138e+00
2.333754542666703e+00
2.333754542666703e+00
2.333754542666703e+00
2.333754542666703e+00
2.333754542666703e+00
2.333754542666703e+00
2.333754542666703e+00
2.333754542666703e+00
2.333754542666703e+00
2.333754542666703e+00
2.333754542666703e+00
2.333754542666703e+00
2.333754542666703e+00
2.333754542666703e+00
2.333754542666703e+00
2.333754542666703e+00
2.333754542666703e+00
2.333754542666703e+00
2.333754542666703e+00
2.333754542666703e+00
2.333754542666703e+00
2.333754542666703e+00
2.333754542666703e+00
2.333754542666703e+00
2.333754542666703e+00
2.333754542666703e+00
2.333754542666703e+00
2.333754542666703e+00
2.333754542666703e+00
2.333754542666703e+00
2.333754542666703e+00
2.333754542666703e+00
2.333754542666703e+00
2.333754542666703e+00
2.333754542666703e+00
2.423514332769269e+00
2.423514332769269e+00
2.423514332769269e+00
2.423514332769269e+00
2.423514332769269e+00
2.423514332769269e+00
2.423514332769269e+00
2.423514332769269e+00
2.423514332769269e+00
2.423514332769269e+00
2.423514332769269e+00
2.423514332769269e+00
2.423514332769269e+00
2.423514332769269e+00
2.423514332769269e+00
2.423514332769269e+00
2.423514332769269e+00
2.423514332769269e+00
2.423514332769269e+00
2.423514332769269e+00
2.423514332769269e+00
2.423514332769269e+00
2.423514332769269e+00
2.423514332769269e+00
2.423514332769269e+00
2.423514332769269e+00
2.423514332769269e+00
2.423514332769269e+00
2.423514332769269e+00
2.423514332769269e+00
2.423514332769269e+00
2.423514332769269e+00
2.423514332769269e+00
2.423514332769269e+00
2.423514332769269e+00
2.513274122871834e+00
2.513274122871834e+00
2.513274122871834e+00
2.513274122871834e+00
2.513274122871834e+00
2.513274122871834e+00
2.513274122871834e+00
2.513274122871834e+00
2.513274122871834e+00
2.513274122871834e+00
2.513274122871834e+00
2.513274122871834e+00
2.513274122871834e+00
2.513274122871834e+00
2.513274122871834e+00
2.513274122871834e+00
2.513274122871834e+00
2.513274122871834e+00
2.513274122871834e+00
2.513274122871834e+00
2.513274122871834e+00
2.513274122871834e+00
2.513274122871834e+00
2.513274122871834e+00
2.513274122871834e+00
2.513274122871834e+00
2.513274122871834e+00
2.513274122871834e+00
2.513274122871834e+00
2.513274122871834e+00
2.513274122871834e+00
2.513274122871834e+00
2.513274122871834e+00
2.513274122871834e+00
2.513274122871834e+00
2.603033912974400e+00
2.603033912974400e+00
2.603033912974400e+00
2.603033912974400e+00
2.603033912974400e+00
2.603033912974400e+00
2.603033912974400e+00
2.603033912974400e+00
2.603033912974400e+00
2.603033912974400e+00
2.603033912974400e+00
2.603033912974400e+00
2.603033912974400e+00
2.603033912974400e+00
2.603033912974400e+00
2.603033912974400e+00
2.603033912974400e+00
2.603033912974400e+00
2.603033912974400e+00
2.603033912974400e+00
2.603033912974400e+00
2.603033912974400e+00
2.603033912974400e+00
2.603033912974400e+00
2.603033912974400e+00
2.603033912974400e+00
2.603033912974400e+00
2.603033912974400e+00
2.603033912974400e+00
2.603033912974400e+00
2.603033912974400e+00
2.603033912974400e+00
2.603033912974400e+00
2.603033912974400e+00
2.603033912974400e+00
2.692793703076966e+00
2.692793703076966e+00
2.692793703076966e+00
2.692793703076966e+00
2.692793703076966e+00
2.692793703076966e+00
2.692793703076966e+00
2.692793703076966e+00
2.692793703076966e+00
2.692793703076966e+00
2.692793703076966e+00
2.692793703076966e+00
2.692793703076966e+00
2.692793703076966e+00
2.692793703076966e+00
2.692793703076966e+00
2.692793703076966e+00
2.692793703076966e+00
2.692793703076966e+00
2.692793703076966e+00
2.692793703076966e+00
2.692793703076966e+00
2.692793703076966e+00
2.692793703076966e+00
2.692793703076966e+00
2.692793703076966e+00
2.692793703076966e+00
2.692793703076966e+00
2.692793703076966e+00
2.692793703076966e+00
2.692793703076966e+00
2.692793703076966e+00
2.692793703076966e+00
2.692793703076966e+00
2.692793703076966e+00
2.782553493179531e+00
2.782553493179531e+00
2.782553493179531e+00
2.782553493179531e+00
2.782553493179531e+00
2.782553493179531e+00
2.782553493179531e+00
2.782553493179531e+00
2.782553493179531e+00
2.782553493179531e+00
2.782553493179531e+00
2.782553493179531e+00
2.782553493179531e+00
2.782553493179531e+00
2.782553493179531e+00
2.782553493179531e+00
2.782553493179531e+00
2.782553493179531e+00
2.782553493179531e+00
2.782553493179531e+00
2.782553493179531e+00
2.782553493179531e+00
2.782553493179531e+00
2.782553493179531e+00
2.782553493179531e+00
2.782553493179531e+00
2.782553493179531e+00
2.782553493179531e+00
2.782553493179531e+00
2.782553493179531e+00
2.782553493179531e+00
2.782553493179531e+00
2.782553493179531e+00
2.782553493179531e+00
2.782553493179531e+00
2.872313283282097e+00
2.872313283282097e+00
2.872313283282097e+00
2.872313283282097e+00
2.872313283282097e+00
2.872313283282097e+00
2.872313283282097e+00
2.872313283282097e+00
2.872313283282097e+00
2.872313283282097e+00
2.872313283282097e+00
2.872313283282097e+00
2.872313283282097e+00
2.872313283282097e+00
2.872313283282097e+00
2.872313283282097e+00
2.872313283282097e+00
2.872313283282097e+00
2.872313283282097e+00
2.872313283282097e+00
2.872313283282097e+00
2.872313283282097e+00
2.872313283282097e+00
2.872313283282097e+00
2.872313283282097e+00
2.872313283282097e+00
2.872313283282097e+00
2.872313283282097e+00
2.872313283282097e+00
2.872313283282097e+00
2.872313283282097e+00
2.872313283282097e+00
2.872313283282097e+00
2.872313283282097e+00
2.872313283282097e+00
2.962073073384662e+00
2.962073073384662e+00
2.962073073384662e+00
2.962073073384662e+00
2.962073073384662e+00
2.962073073384662e+00
2.962073073384662e+00
2.962073073384662e+00
2.962073073384662e+00
2.962073073384662e+00
2.962073073384662e+00
2.962073073384662e+00
2.962073073384662e+00
2.962073073384662e+00
2.962073073384662e+00
2.962073073384662e+00
2.962073073384662e+00
2.962073073384662e+00
2.962073073384662e+00
2.962073073384662e+00
2.962073073384662e+00
2.962073073384662e+00
2.962073073384662e+00
2.962073073384662e+00
2.962073073384662e+00
2.962073073384662e+00
2.962073073384662e+00
2.962073073384662e+00
2.962073073384662e+00
2.962073073384662e+00
2.962073073384662e+00
2.962073073384662e+00
2.962073073384662e+00
2.962073073384662e+00
2.962073073384662e+00
3.051832863487228e+00
3.051832863487228e+00
3.051832863487228e+00
3.051832863487228e+00
3.051832863487228e+00
3.051832863487228e+00
3.051832863487228e+00
3.051832863487228e+00
3.051832863487228e+00
3.051832863487228e+00
3.051832863487228e+00
3.051832863487228e+00
3.051832863487228e+00
3.051832863487228e+00
3.051832863487228e+00
3.051832863487228e+00
3.051832863487228e+00
3.051832863487228e+00
3.051832863487228e+00
3.051832863487228e+00
3.051832863487228e+00
3.051832863487228e+00
3.051832863487228e+00
3.051832863487228e+00
3.051832863487228e+00
3.051832863487228e+00
3.051832863487228e+00
3.051832863487228e+00
3.051832863487228e+00
3.051832863487228e+00
3.051832863487228e+00
3.051832863487228e+00
3.051832863487228e+00
3.051832863487228e+00
3.051832863487228e+00
3.141592653589793e+00
3.141592653589793e+00
3.141592653589793e+00
3.141592653589793e+00
3.141592653589793e+00
3.141592653589793e+00
3.141592653589793e+00
3.141592653589793e+00
3.141592653589793e+00
3.141592653589793e+00
3.141592653589793e+00
3.141592653589793e+00
3.141592653589793e+00
3.141592653589793e+00
3.141592653589793e+00
3.141592653589793e+00
3.141592653589793e+00
3.141592653589793e+00
3.141592653589793e+00
3.141592653589793e+00
3.141592653589793e+00
3.141592653589793e+00
3.141592653589793e+00
3.141592653589793e+00
3.141592653589793e+00
3.141592653589793e+00
3.141592653589793e+00
3.141592653589793e+00
3.141592653589793e+00
3.141592653589793e+00
3.141592653589793e+00
3.141592653589793e+00
3.141592653589793e+00
3.141592653589793e+00
3.141592653589793e+00