-2.040000000000000e+01
-1.920000000000000e+01
-1.800000000000000e+01
-1.680000000000000e+01
-1.560000000000000e+01
-1.440000000000000e+01
-1.320000000000000e+01
-1.200000000000000e+01
-1.080000000000000e+01
-9.600000000000000e+00
-8.400000000000000e+00
-7.200000000000000e+00
-6.000000000000000e+00
-4.800000000000000e+00
-3.600000000000000e+00
-2.400000000000000e+00
-1.200000000000000e+00
0
1.200000000000000e+00
2.400000000000000e+00
3.600000000000000e+00
4.800000000000000e+00
6.000000000000000e+00
7.200000000000000e+00
8.400000000000000e+00
9.600000000000000e+00
1.080000000000000e+01
1.200000000000000e+01
1.320000000000000e+01
1.440000000000000e+01
1.560000000000000e+01
1.680000000000000e+01
1.800000000000000e+01
1.920000000000000e+01
2.040000000000000e+01
-2.040000000000000e+01
-1.920000000000000e+01
-1.800000000000000e+01
-1.680000000000000e+01
-1.560000000000000e+01
-1.440000000000000e+01
-1.320000000000000e+01
-1.200000000000000e+01
-1.080000000000000e+01
-9.600000000000000e+00
-8.400000000000000e+00
-7.200000000000000e+00
-6.000000000000000e+00
-4.800000000000000e+00
-3.600000000000000e+00
-2.400000000000000e+00
-1.200000000000000e+00
0
1.200000000000000e+00
2.400000000000000e+00
3.600000000000000e+00
4.800000000000000e+00
6.000000000000000e+00
7.200000000000000e+00
8.400000000000000e+00
9.600000000000000e+00
1.080000000000000e+01
1.200000000000000e+01
1.320000000000000e+01
1.440000000000000e+01
1.560000000000000e+01
1.680000000000000e+01
1.800000000000000e+01
1.920000000000000e+01
2.040000000000000e+01
-2.040000000000000e+01
-1.920000000000000e+01
-1.800000000000000e+01
-1.680000000000000e+01
-1.560000000000000e+01
-1.440000000000000e+01
-1.320000000000000e+01
-1.200000000000000e+01
-1.080000000000000e+01
-9.600000000000000e+00
-8.400000000000000e+00
-7.200000000000000e+00
-6.000000000000000e+00
-4.800000000000000e+00
-3.600000000000000e+00
-2.400000000000000e+00
-1.200000000000000e+00
0
1.200000000000000e+00
2.400000000000000e+00
3.600000000000000e+00
4.800000000000000e+00
6.000000000000000e+00
7.200000000000000e+00
8.400000000000000e+00
9.600000000000000e+00
1.080000000000000e+01
1.200000000000000e+01
1.320000000000000e+01
1.440000000000000e+01
1.560000000000000e+01
1.680000000000000e+01
1.800000000000000e+01
1.920000000000000e+01
2.040000000000000e+01
-2.040000000000000e+01
-1.920000000000000e+01
-1.800000000000000e+01
-1.680000000000000e+01
-1.560000000000000e+01
-1.440000000000000e+01
-1.320000000000000e+01
-1.200000000000000e+01
-1.080000000000000e+01
-9.600000000000000e+00
-8.400000000000000e+00
-7.200000000000000e+00
-6.000000000000000e+00
-4.800000000000000e+00
-3.600000000000000e+00
-2.400000000000000e+00
-1.200000000000000e+00
0
1.200000000000000e+00
2.400000000000000e+00
3.600000000000000e+00
4.800000000000000e+00
6.000000000000000e+00
7.200000000000000e+00
8.400000000000000e+00
9.600000000000000e+00
1.080000000000000e+01
1.200000000000000e+01
1.320000000000000e+01
1.440000000000000e+01
1.560000000000000e+01
1.680000000000000e+01
1.800000000000000e+01
1.920000000000000e+01
2.040000000000000e+01
-2.040000000000000e+01
-1.920000000000000e+01
-1.800000000000000e+01
-1.680000000000000e+01
-1.560000000000000e+01
-1.440000000000000e+01
-1.320000000000000e+01
-1.200000000000000e+01
-1.080000000000000e+01
-9.600000000000000e+00
-8.400000000000000e+00
-7.200000000000000e+00
-6.000000000000000e+00
-4.800000000000000e+00
-3.600000000000000e+00
-2.400000000000000e+00
-1.200000000000000e+00
0
1.200000000000000e+00
2.400000000000000e+00
3.600000000000000e+00
4.800000000000000e+00
6.000000000000000e+00
7.200000000000000e+00
8.400000000000000e+00
9.600000000000000e+00
1.080000000000000e+01
1.200000000000000e+01
1.320000000000000e+01
1.440000000000000e+01
1.560000000000000e+01
1.680000000000000e+01
1.800000000000000e+01
1.920000000000000e+01
2.040000000000000e+01
-2.040000000000000e+01
-1.920000000000000e+01
-1.800000000000000e+01
-1.680000000000000e+01
-1.560000000000000e+01
-1.440000000000000e+01
-1.320000000000000e+01
-1.200000000000000e+01
-1.080000000000000e+01
-9.600000000000000e+00
-8.400000000000000e+00
-7.200000000000000e+00
-6.000000000000000e+00
-4.800000000000000e+00
-3.600000000000000e+00
-2.400000000000000e+00
-1.200000000000000e+00
0
1.200000000000000e+00
2.400000000000000e+00
3.600000000000000e+00
4.800000000000000e+00
6.000000000000000e+00
7.200000000000000e+00
8.400000000000000e+00
9.600000000000000e+00
1.080000000000000e+01
1.200000000000000e+01
1.320000000000000e+01
1.440000000000000e+01
1.560000000000000e+01
1.680000000000000e+01
1.800000000000000e+01
1.920000000000000e+01
2.040000000000000e+01
-2.040000000000000e+01
-1.920000000000000e+01
-1.800000000000000e+01
-1.680000000000000e+01
-1.560000000000000e+01
-1.440000000000000e+01
-1.320000000000000e+01
-1.200000000000000e+01
-1.080000000000000e+01
-9.600000000000000e+00
-8.400000000000000e+00
-7.200000000000000e+00
-6.000000000000000e+00
-4.800000000000000e+00
-3.600000000000000e+00
-2.400000000000000e+00
-1.200000000000000e+00
0
1.200000000000000e+00
2.400000000000000e+00
3.600000000000000e+00
4.800000000000000e+00
6.000000000000000e+00
7.200000000000000e+00
8.400000000000000e+00
9.600000000000000e+00
1.080000000000000e+01
1.200000000000000e+01
1.320000000000000e+01
1.440000000000000e+01
1.560000000000000e+01
1.680000000000000e+01
1.800000000000000e+01
1.920000000000000e+01
2.040000000000000e+01
-2.040000000000000e+01
-1.920000000000000e+01
-1.800000000000000e+01
-1.680000000000000e+01
-1.560000000000000e+01
-1.440000000000000e+01
-1.320000000000000e+01
-1.200000000000000e+01
-1.080000000000000e+01
-9.600000000000000e+00
-8.400000000000000e+00
-7.200000000000000e+00
-6.000000000000000e+00
-4.800000000000000e+00
-3.600000000000000e+00
-2.400000000000000e+00
-1.200000000000000e+00
0
1.200000000000000e+00
2.400000000000000e+00
3.600000000000000e+00
4.800000000000000e+00
6.000000000000000e+00
7.200000000000000e+00
8.400000000000000e+00
9.600000000000000e+00
1.080000000000000e+01
1.200000000000000e+01
1.320000000000000e+01
1.440000000000000e+01
1.560000000000000e+01
1.680000000000000e+01
1.800000000000000e+01
1.920000000000000e+01
2.040000000000000e+01
-2.040000000000000e+01
-1.920000000000000e+01
-1.800000000000000e+01
-1.680000000000000e+01
-1.560000000000000e+01
-1.440000000000000e+01
-1.320000000000000e+01
-1.200000000000000e+01
-1.080000000000000e+01
-9.600000000000000e+00
-8.400000000000000e+00
-7.200000000000000e+00
-6.000000000000000e+00
-4.800000000000000e+00
-3.600000000000000e+00
-2.400000000000000e+00
-1.200000000000000e+00
0
1.200000000000000e+00
2.400000000000000e+00
3.600000000000000e+00
4.800000000000000e+00
6.000000000000000e+00
7.200000000000000e+00
8.400000000000000e+00
9.600000000000000e+00
1.080000000000000e+01
1.200000000000000e+01
1.320000000000000e+01
1.440000000000000e+01
1.560000000000000e+01
1.680000000000000e+01
1.800000000000000e+01
1.920000000000000e+01
2.040000000000000e+01
-2.040000000000000e+01
-1.920000000000000e+01
-1.800000000000000e+01
-1.680000000000000e+01
-1.560000000000000e+01
-1.440000000000000e+01
-1.320000000000000e+01
-1.200000000000000e+01
-1.080000000000000e+01
-9.600000000000000e+00
-8.400000000000000e+00
-7.200000000000000e+00
-6.000000000000000e+00
-4.800000000000000e+00
-3.600000000000000e+00
-2.400000000000000e+00
-1.200000000000000e+00
0
1.200000000000000e+00
2.400000000000000e+00
3.600000000000000e+00
4.800000000000000e+00
6.000000000000000e+00
7.200000000000000e+00
8.400000000000000e+00
9.600000000000000e+00
1.080000000000000e+01
1.200000000000000e+01
1.320000000000000e+01
1.440000000000000e+01
1.560000000000000e+01
1.680000000000000e+01
1.800000000000000e+01
1.920000000000000e+01
2.040000000000000e+01
-2.040000000000000e+01
-1.920000000000000e+01
-1.800000000000000e+01
-1.680000000000000e+01
-1.560000000000000e+01
-1.440000000000000e+01
-1.320000000000000e+01
-1.200000000000000e+01
-1.080000000000000e+01
-9.600000000000000e+00
-8.400000000000000e+00
-7.200000000000000e+00
-6.000000000000000e+00
-4.800000000000000e+00
-3.600000000000000e+00
-2.400000000000000e+00
-1.200000000000000e+00
0
1.200000000000000e+00
2.400000000000000e+00
3.600000000000000e+00
4.800000000000000e+00
6.000000000000000e+00
7.200000000000000e+00
8.400000000000000e+00
9.600000000000000e+00
1.080000000000000e+01
1.200000000000000e+01
1.320000000000000e+01
1.440000000000000e+01
1.560000000000000e+01
1.680000000000000e+01
1.800000000000000e+01
1.920000000000000e+01
2.040000000000000e+01
-2.040000000000000e+01
-1.920000000000000e+01
-1.800000000000000e+01
-1.680000000000000e+01
-1.560000000000000e+01
-1.440000000000000e+01
-1.320000000000000e+01
-1.200000000000000e+01
-1.080000000000000e+01
-9.600000000000000e+00
-8.400000000000000e+00
-7.200000000000000e+00
-6.000000000000000e+00
-4.800000000000000e+00
-3.600000000000000e+00
-2.400000000000000e+00
-1.200000000000000e+00
0
1.200000000000000e+00
2.400000000000000e+00
3.600000000000000e+00
4.800000000000000e+00
6.000000000000000e+00
7.200000000000000e+00
8.400000000000000e+00
9.600000000000000e+00
1.080000000000000e+01
1.200000000000000e+01
1.320000000000000e+01
1.440000000000000e+01
1.560000000000000e+01
1.680000000000000e+01
1.800000000000000e+01
1.920000000000000e+01
2.040000000000000e+01
-2.040000000000000e+01
-1.920000000000000e+01
-1.800000000000000e+01
-1.680000000000000e+01
-1.560000000000000e+01
-1.440000000000000e+01
-1.320000000000000e+01
-1.200000000000000e+01
-1.080000000000000e+01
-9.600000000000000e+00
-8.400000000000000e+00
-7.200000000000000e+00
-6.000000000000000e+00
-4.800000000000000e+00
-3.600000000000000e+00
-2.400000000000000e+00
-1.200000000000000e+00
0
1.200000000000000e+00
2.400000000000000e+00
3.600000000000000e+00
4.800000000000000e+00
6.000000000000000e+00
7.200000000000000e+00
8.400000000000000e+00
9.600000000000000e+00
1.080000000000000e+01
1.200000000000000e+01
1.320000000000000e+01
1.440000000000000e+01
1.560000000000000e+01
1.680000000000000e+01
1.800000000000000e+01
1.920000000000000e+01
2.040000000000000e+01
-2.040000000000000e+01
-1.920000000000000e+01
-1.800000000000000e+01
-1.680000000000000e+01
-1.560000000000000e+01
-1.440000000000000e+01
-1.320000000000000e+01
-1.200000000000000e+01
-1.080000000000000e+01
-9.600000000000000e+00
-8.400000000000000e+00
-7.200000000000000e+00
-6.000000000000000e+00
-4.800000000000000e+00
-3.600000000000000e+00
-2.400000000000000e+00
-1.200000000000000e+00
0
1.200000000000000e+00
2.400000000000000e+00
3.600000000000000e+00
4.800000000000000e+00
6.000000000000000e+00
7.200000000000000e+00
8.400000000000000e+00
9.600000000000000e+00
1.080000000000000e+01
1.200000000000000e+01
1.320000000000000e+01
1.440000000000000e+01
1.560000000000000e+01
1.680000000000000e+01
1.800000000000000e+01
1.920000000000000e+01
2.040000000000000e+01
-2.040000000000000e+01
-1.920000000000000e+01
-1.800000000000000e+01
-1.680000000000000e+01
-1.560000000000000e+01
-1.440000000000000e+01
-1.320000000000000e+01
-1.200000000000000e+01
-1.080000000000000e+01
-9.600000000000000e+00
-8.400000000000000e+00
-7.200000000000000e+00
-6.000000000000000e+00
-4.800000000000000e+00
-3.600000000000000e+00
-2.400000000000000e+00
-1.200000000000000e+00
0
1.200000000000000e+00
2.400000000000000e+00
3.600000000000000e+00
4.800000000000000e+00
6.000000000000000e+00
7.200000000000000e+00
8.400000000000000e+00
9.600000000000000e+00
1.080000000000000e+01
1.200000000000000e+01
1.320000000000000e+01
1.440000000000000e+01
1.560000000000000e+01
1.680000000000000e+01
1.800000000000000e+01
1.920000000000000e+01
2.040000000000000e+01
-2.040000000000000e+01
-1.920000000000000e+01
-1.800000000000000e+01
-1.680000000000000e+01
-1.560000000000000e+01
-1.440000000000000e+01
-1.320000000000000e+01
-1.200000000000000e+01
-1.080000000000000e+01
-9.600000000000000e+00
-8.400000000000000e+00
-7.200000000000000e+00
-6.000000000000000e+00
-4.800000000000000e+00
-3.600000000000000e+00
-2.400000000000000e+00
-1.200000000000000e+00
0
1.200000000000000e+00
2.400000000000000e+00
3.600000000000000e+00
4.800000000000000e+00
6.000000000000000e+00
7.200000000000000e+00
8.400000000000000e+00
9.600000000000000e+00
1.080000000000000e+01
1.200000000000000e+01
1.320000000000000e+01
1.440000000000000e+01
1.560000000000000e+01
1.680000000000000e+01
1.800000000000000e+01
1.920000000000000e+01
2.040000000000000e+01
-2.040000000000000e+01
-1.920000000000000e+01
-1.800000000000000e+01
-1.680000000000000e+01
-1.560000000000000e+01
-1.440000000000000e+01
-1.320000000000000e+01
-1.200000000000000e+01
-1.080000000000000e+01
-9.600000000000000e+00
-8.400000000000000e+00
-7.200000000000000e+00
-6.000000000000000e+00
-4.800000000000000e+00
-3.600000000000000e+00
-2.400000000000000e+00
-1.200000000000000e+00
0
1.200000000000000e+00
2.400000000000000e+00
3.600000000000000e+00
4.800000000000000e+00
6.000000000000000e+00
7.200000000000000e+00
8.400000000000000e+00
9.600000000000000e+00
1.080000000000000e+01
1.200000000000000e+01
1.320000000000000e+01
1.440000000000000e+01
1.560000000000000e+01
1.680000000000000e+01
1.800000000000000e+01
1.920000000000000e+01
2.040000000000000e+01
-2.040000000000000e+01
-1.920000000000000e+01
-1.800000000000000e+01
-1.680000000000000e+01
-1.560000000000000e+01
-1.440000000000000e+01
-1.320000000000000e+01
-1.200000000000000e+01
-1.080000000000000e+01
-9.600000000000000e+00
-8.400000000000000e+00
-7.200000000000000e+00
-6.000000000000000e+00
-4.800000000000000e+00
-3.600000000000000e+00
-2.400000000000000e+00
-1.200000000000000e+00
0
1.200000000000000e+00
2.400000000000000e+00
3.600000000000000e+00
4.800000000000000e+00
6.000000000000000e+00
7.200000000000000e+00
8.400000000000000e+00
9.600000000000000e+00
1.080000000000000e+01
1.200000000000000e+01
1.320000000000000e+01
1.440000000000000e+01
1.560000000000000e+01
1.680000000000000e+01
1.800000000000000e+01
1.920000000000000e+01
2.040000000000000e+01
-2.040000000000000e+01
-1.920000000000000e+01
-1.800000000000000e+01
-1.680000000000000e+01
-1.560000000000000e+01
-1.440000000000000e+01
-1.320000000000000e+01
-1.200000000000000e+01
-1.080000000000000e+01
-9.600000000000000e+00
-8.400000000000000e+00
-7.200000000000000e+00
-6.000000000000000e+00
-4.800000000000000e+00
-3.600000000000000e+00
-2.400000000000000e+00
-1.200000000000000e+00
0
1.200000000000000e+00
2.400000000000000e+00
3.600000000000000e+00
4.800000000000000e+00
6.000000000000000e+00
7.200000000000000e+00
8.400000000000000e+00
9.600000000000000e+00
1.080000000000000e+01
1.200000000000000e+01
1.320000000000000e+01
1.440000000000000e+01
1.560000000000000e+01
1.680000000000000e+01
1.800000000000000e+01
1.920000000000000e+01
2.040000000000000e+01
-2.040000000000000e+01
-1.920000000000000e+01
-1.800000000000000e+01
-1.680000000000000e+01
-1.560000000000000e+01
-1.440000000000000e+01
-1.320000000000000e+01
-1.200000000000000e+01
-1.080000000000000e+01
-9.600000000000000e+00
-8.400000000000000e+00
-7.200000000000000e+00
-6.000000000000000e+00
-4.800000000000000e+00
-3.600000000000000e+00
-2.400000000000000e+00
-1.200000000000000e+00
0
1.200000000000000e+00
2.400000000000000e+00
3.600000000000000e+00
4.800000000000000e+00
6.000000000000000e+00
7.200000000000000e+00
8.400000000000000e+00
9.600000000000000e+00
1.080000000000000e+01
1.200000000000000e+01
1.320000000000000e+01
1.440000000000000e+01
1.560000000000000e+01
1.680000000000000e+01
1.800000000000000e+01
1.920000000000000e+01
2.040000000000000e+01
-2.040000000000000e+01
-1.920000000000000e+01
-1.800000000000000e+01
-1.680000000000000e+01
-1.560000000000000e+01
-1.440000000000000e+01
-1.320000000000000e+01
-1.200000000000000e+01
-1.080000000000000e+01
-9.600000000000000e+00
-8.400000000000000e+00
-7.200000000000000e+00
-6.000000000000000e+00
-4.800000000000000e+00
-3.600000000000000e+00
-2.400000000000000e+00
-1.200000000000000e+00
0
1.200000000000000e+00
2.400000000000000e+00
3.600000000000000e+00
4.800000000000000e+00
6.000000000000000e+00
7.200000000000000e+00
8.400000000000000e+00
9.600000000000000e+00
1.080000000000000e+01
1.200000000000000e+01
1.320000000000000e+01
1.440000000000000e+01
1.560000000000000e+01
1.680000000000000e+01
1.800000000000000e+01
1.920000000000000e+01
2.040000000000000e+01
-2.040000000000000e+01
-1.920000000000000e+01
-1.800000000000000e+01
-1.680000000000000e+01
-1.560000000000000e+01
-1.440000000000000e+01
-1.320000000000000e+01
-1.200000000000000e+01
-1.080000000000000e+01
-9.600000000000000e+00
-8.400000000000000e+00
-7.200000000000000e+00
-6.000000000000000e+00
-4.800000000000000e+00
-3.600000000000000e+00
-2.400000000000000e+00
-1.200000000000000e+00
0
1.200000000000000e+00
2.400000000000000e+00
3.600000000000000e+00
4.800000000000000e+00
6.000000000000000e+00
7.200000000000000e+00
8.400000000000000e+00
9.600000000000000e+00
1.080000000000000e+01
1.200000000000000e+01
1.320000000000000e+01
1.440000000000000e+01
1.560000000000000e+01
1.680000000000000e+01
1.800000000000000e+01
1.920000000000000e+01
2.040000000000000e+01
-2.040000000000000e+01
-1.920000000000000e+01
-1.800000000000000e+01
-1.680000000000000e+01
-1.560000000000000e+01
-1.440000000000000e+01
-1.320000000000000e+01
-1.200000000000000e+01
-1.080000000000000e+01
-9.600000000000000e+00
-8.400000000000000e+00
-7.200000000000000e+00
-6.000000000000000e+00
-4.800000000000000e+00
-3.600000000000000e+00
-2.400000000000000e+00
-1.200000000000000e+00
0
1.200000000000000e+00
2.400000000000000e+00
3.600000000000000e+00
4.800000000000000e+00
6.000000000000000e+00
7.200000000000000e+00
8.400000000000000e+00
9.600000000000000e+00
1.080000000000000e+01
1.200000000000000e+01
1.320000000000000e+01
1.440000000000000e+01
1.560000000000000e+01
1.680000000000000e+01
1.800000000000000e+01
1.920000000000000e+01
2.040000000000000e+01
-2.040000000000000e+01
-1.920000000000000e+01
-1.800000000000000e+01
-1.680000000000000e+01
-1.560000000000000e+01
-1.440000000000000e+01
-1.320000000000000e+01
-1.200000000000000e+01
-1.080000000000000e+01
-9.600000000000000e+00
-8.400000000000000e+00
-7.200000000000000e+00
-6.000000000000000e+00
-4.800000000000000e+00
-3.600000000000000e+00
-2.400000000000000e+00
-1.200000000000000e+00
0
1.200000000000000e+00
2.400000000000000e+00
3.600000000000000e+00
4.800000000000000e+00
6.000000000000000e+00
7.200000000000000e+00
8.400000000000000e+00
9.600000000000000e+00
1.080000000000000e+01
1.200000000000000e+01
1.320000000000000e+01
1.440000000000000e+01
1.560000000000000e+01
1.680000000000000e+01
1.800000000000000e+01
1.920000000000000e+01
2.040000000000000e+01
-2.040000000000000e+01
-1.920000000000000e+01
-1.800000000000000e+01
-1.680000000000000e+01
-1.560000000000000e+01
-1.440000000000000e+01
-1.320000000000000e+01
-1.200000000000000e+01
-1.080000000000000e+01
-9.600000000000000e+00
-8.400000000000000e+00
-7.200000000000000e+00
-6.000000000000000e+00
-4.800000000000000e+00
-3.600000000000000e+00
-2.400000000000000e+00
-1.200000000000000e+00
0
1.200000000000000e+00
2.400000000000000e+00
3.600000000000000e+00
4.800000000000000e+00
6.000000000000000e+00
7.200000000000000e+00
8.400000000000000e+00
9.600000000000000e+00
1.080000000000000e+01
1.200000000000000e+01
1.320000000000000e+01
1.440000000000000e+01
1.560000000000000e+01
1.680000000000000e+01
1.800000000000000e+01
1.920000000000000e+01
2.040000000000000e+01
-2.040000000000000e+01
-1.920000000000000e+01
-1.800000000000000e+01
-1.680000000000000e+01
-1.560000000000000e+01
-1.440000000000000e+01
-1.320000000000000e+01
-1.200000000000000e+01
-1.080000000000000e+01
-9.600000000000000e+00
-8.400000000000000e+00
-7.200000000000000e+00
-6.000000000000000e+00
-4.800000000000000e+00
-3.600000000000000e+00
-2.400000000000000e+00
-1.200000000000000e+00
0
1.200000000000000e+00
2.400000000000000e+00
3.600000000000000e+00
4.800000000000000e+00
6.000000000000000e+00
7.200000000000000e+00
8.400000000000000e+00
9.600000000000000e+00
1.080000000000000e+01
1.200000000000000e+01
1.320000000000000e+01
1.440000000000000e+01
1.560000000000000e+01
1.680000000000000e+01
1.800000000000000e+01
1.920000000000000e+01
2.040000000000000e+01
-2.040000000000000e+01
-1.920000000000000e+01
-1.800000000000000e+01
-1.680000000000000e+01
-1.560000000000000e+01
-1.440000000000000e+01
-1.320000000000000e+01
-1.200000000000000e+01
-1.080000000000000e+01
-9.600000000000000e+00
-8.400000000000000e+00
-7.200000000000000e+00
-6.000000000000000e+00
-4.800000000000000e+00
-3.600000000000000e+00
-2.400000000000000e+00
-1.200000000000000e+00
0
1.200000000000000e+00
2.400000000000000e+00
3.600000000000000e+00
4.800000000000000e+00
6.000000000000000e+00
7.200000000000000e+00
8.400000000000000e+00
9.600000000000000e+00
1.080000000000000e+01
1.200000000000000e+01
1.320000000000000e+01
1.440000000000000e+01
1.560000000000000e+01
1.680000000000000e+01
1.800000000000000e+01
1.920000000000000e+01
2.040000000000000e+01
-2.040000000000000e+01
-1.920000000000000e+01
-1.800000000000000e+01
-1.680000000000000e+01
-1.560000000000000e+01
-1.440000000000000e+01
-1.320000000000000e+01
-1.200000000000000e+01
-1.080000000000000e+01
-9.600000000000000e+00
-8.400000000000000e+00
-7.200000000000000e+00
-6.000000000000000e+00
-4.800000000000000e+00
-3.600000000000000e+00
-2.400000000000000e+00
-1.200000000000000e+00
0
1.200000000000000e+00
2.400000000000000e+00
3.600000000000000e+00
4.800000000000000e+00
6.000000000000000e+00
7.200000000000000e+00
8.400000000000000e+00
9.600000000000000e+00
1.080000000000000e+01
1.200000000000000e+01
1.320000000000000e+01
1.440000000000000e+01
1.560000000000000e+01
1.680000000000000e+01
1.800000000000000e+01
1.920000000000000e+01
2.040000000000000e+01
-2.040000000000000e+01
-1.920000000000000e+01
-1.800000000000000e+01
-1.680000000000000e+01
-1.560000000000000e+01
-1.440000000000000e+01
-1.320000000000000e+01
-1.200000000000000e+01
-1.080000000000000e+01
-9.600000000000000e+00
-8.400000000000000e+00
-7.200000000000000e+00
-6.000000000000000e+00
-4.800000000000000e+00
-3.600000000000000e+00
-2.400000000000000e+00
-1.200000000000000e+00
0
1.200000000000000e+00
2.400000000000000e+00
3.600000000000000e+00
4.800000000000000e+00
6.000000000000000e+00
7.200000000000000e+00
8.400000000000000e+00
9.600000000000000e+00
1.080000000000000e+01
1.200000000000000e+01
1.320000000000000e+01
1.440000000000000e+01
1.560000000000000e+01
1.680000000000000e+01
1.800000000000000e+01
1.920000000000000e+01
2.040000000000000e+01
-2.040000000000000e+01
-1.920000000000000e+01
-1.800000000000000e+01
-1.680000000000000e+01
-1.560000000000000e+01
-1.440000000000000e+01
-1.320000000000000e+01
-1.200000000000000e+01
-1.080000000000000e+01
-9.600000000000000e+00
-8.400000000000000e+00
-7.200000000000000e+00
-6.000000000000000e+00
-4.800000000000000e+00
-3.600000000000000e+00
-2.400000000000000e+00
-1.200000000000000e+00
0
1.200000000000000e+00
2.400000000000000e+00
3.600000000000000e+00
4.800000000000000e+00
6.000000000000000e+00
7.200000000000000e+00
8.400000000000000e+00
9.600000000000000e+00
1.080000000000000e+01
1.200000000000000e+01
1.320000000000000e+01
1.440000000000000e+01
1.560000000000000e+01
1.680000000000000e+01
1.800000000000000e+01
1.920000000000000e+01
2.040000000000000e+01
-2.040000000000000e+01
-1.920000000000000e+01
-1.800000000000000e+01
-1.680000000000000e+01
-1.560000000000000e+01
-1.440000000000000e+01
-1.320000000000000e+01
-1.200000000000000e+01
-1.080000000000000e+01
-9.600000000000000e+00
-8.400000000000000e+00
-7.200000000000000e+00
-6.000000000000000e+00
-4.800000000000000e+00
-3.600000000000000e+00
-2.400000000000000e+00
-1.200000000000000e+00
0
1.200000000000000e+00
2.400000000000000e+00
3.600000000000000e+00
4.800000000000000e+00
6.000000000000000e+00
7.200000000000000e+00
8.400000000000000e+00
9.600000000000000e+00
1.080000000000000e+01
1.200000000000000e+01
1.320000000000000e+01
1.440000000000000e+01
1.560000000000000e+01
1.680000000000000e+01
1.800000000000000e+01
1.920000000000000e+01
2.040000000000000e+01
-2.040000000000000e+01
-1.920000000000000e+01
-1.800000000000000e+01
-1.680000000000000e+01
-1.560000000000000e+01
-1.440000000000000e+01
-1.320000000000000e+01
-1.200000000000000e+01
-1.080000000000000e+01
-9.600000000000000e+00
-8.400000000000000e+00
-7.200000000000000e+00
-6.000000000000000e+00
-4.800000000000000e+00
-3.600000000000000e+00
-2.400000000000000e+00
-1.200000000000000e+00
0
1.200000000000000e+00
2.400000000000000e+00
3.600000000000000e+00
4.800000000000000e+00
6.000000000000000e+00
7.200000000000000e+00
8.400000000000000e+00
9.600000000000000e+00
1.080000000000000e+01
1.200000000000000e+01
1.320000000000000e+01
1.440000000000000e+01
1.560000000000000e+01
1.680000000000000e+01
1.800000000000000e+01
1.920000000000000e+01
2.040000000000000e+01
-2.040000000000000e+01
-1.920000000000000e+01
-1.800000000000000e+01
-1.680000000000000e+01
-1.560000000000000e+01
-1.440000000000000e+01
-1.320000000000000e+01
-1.200000000000000e+01
-1.080000000000000e+01
-9.600000000000000e+00
-8.400000000000000e+00
-7.200000000000000e+00
-6.000000000000000e+00
-4.800000000000000e+00
-3.600000000000000e+00
-2.400000000000000e+00
-1.200000000000000e+00
0
1.200000000000000e+00
2.400000000000000e+00
3.600000000000000e+00
4.800000000000000e+00
6.000000000000000e+00
7.200000000000000e+00
8.400000000000000e+00
9.600000000000000e+00
1.080000000000000e+01
1.200000000000000e+01
1.320000000000000e+01
1.440000000000000e+01
1.560000000000000e+01
1.680000000000000e+01
1.800000000000000e+01
1.920000000000000e+01
2.040000000000000e+01
-2.040000000000000e+01
-1.920000000000000e+01
-1.800000000000000e+01
-1.680000000000000e+01
-1.560000000000000e+01
-1.440000000000000e+01
-1.320000000000000e+01
-1.200000000000000e+01
-1.080000000000000e+01
-9.600000000000000e+00
-8.400000000000000e+00
-7.200000000000000e+00
-6.000000000000000e+00
-4.800000000000000e+00
-3.600000000000000e+00
-2.400000000000000e+00
-1.200000000000000e+00
0
1.200000000000000e+00
2.400000000000000e+00
3.600000000000000e+00
4.800000000000000e+00
6.000000000000000e+00
7.200000000000000e+00
8.400000000000000e+00
9.600000000000000e+00
1.080000000000000e+01
1.200000000000000e+01
1.320000000000000e+01
1.440000000000000e+01
1.560000000000000e+01
1.680000000000000e+01
1.800000000000000e+01
1.920000000000000e+01
2.040000000000000e+01
-2.040000000000000e+01
-1.920000000000000e+01
-1.800000000000000e+01
-1.680000000000000e+01
-1.560000000000000e+01
-1.440000000000000e+01
-1.320000000000000e+01
-1.200000000000000e+01
-1.080000000000000e+01
-9.600000000000000e+00
-8.400000000000000e+00
-7.200000000000000e+00
-6.000000000000000e+00
-4.800000000000000e+00
-3.600000000000000e+00
-2.400000000000000e+00
-1.200000000000000e+00
0
1.200000000000000e+00
2.400000000000000e+00
3.600000000000000e+00
4.800000000000000e+00
6.000000000000000e+00
7.200000000000000e+00
8.400000000000000e+00
9.600000000000000e+00
1.080000000000000e+01
1.200000000000000e+01
1.320000000000000e+01
1.440000000000000e+01
1.560000000000000e+01
1.680000000000000e+01
1.800000000000000e+01
1.920000000000000e+01
2.040000000000000e+01